1  0.04  0.000500417  
2  0.04  0.000756703  
3  0.04  0.000980962  
4  0.04  0.00128733  
5  0.04  0.00113427  
6  0.04  0.00181459  
7  0.04  0.00146104  
8  0.04  0.00196043  
9  0.04  0.00172824  
10  0.04  0.00188912  
11  0.04  0.0015762  
12  0.04  0.0015516  
13  0.04  0.00255689  
14  0.04  0.00255408  
15  0.04  0.00257421  
16  0.04  0.00279203  
17  0.04  0.00216259  
18  0.04  0.00262617  
19  0.04  0.0027276  
20  0.04  0.00190361  
21  0.04  0.00277342  
22  0.04  0.00252418  
23  0.04  0.00213746  
24  0.04  0.00262002  
25  0.04  0.00237052  
26  0.04  0.00315815  
27  0.04  0.00215522  
28  0.04  0.00256507  
29  0.04  0.0033222  
30  0.04  0.00248893  
31  0.04  0.0027563  
32  0.04  0.00271803  
33  0.04  0.00230364  
34  0.04  0.00240916  
35  0.04  0.00349805  
36  0.04  0.00299992  
37  0.04  0.00243638  
38  0.04  0.00331357  
39  0.04  0.0029229  
40  0.04  0.00256833  
41  0.04  0.00296765  
42  0.04  0.00312194  
43  0.04  0.00315749  
44  0.04  0.00289522  
45  0.04  0.00335893  
46  0.04  0.00268184  
47  0.04  0.00286103  
48  0.04  0.00303429  
49  0.04  0.00343723  
