1  0.04  0.000830583  
2  0.04  0.00120943  
3  0.04  0.00103822  
4  0.04  0.00140398  
5  0.04  0.00126348  
6  0.04  0.00167907  
7  0.04  0.00185441  
8  0.04  0.00224085  
9  0.04  0.00185051  
10  0.04  0.00234837  
11  0.04  0.00252672  
12  0.04  0.0018769  
13  0.04  0.00270995  
14  0.04  0.00248244  
15  0.04  0.00230055  
16  0.04  0.00211919  
17  0.04  0.00280438  
18  0.04  0.002225  
19  0.04  0.00246453  
20  0.04  0.00246087  
21  0.04  0.00292303  
22  0.04  0.00234237  
23  0.04  0.00299048  
24  0.04  0.00300402  
25  0.04  0.00263925  
26  0.04  0.00319372  
27  0.04  0.00337217  
28  0.04  0.00305539  
29  0.04  0.00251768  
30  0.04  0.003246  
31  0.04  0.00267779  
32  0.04  0.00350303  
33  0.04  0.00307514  
34  0.04  0.00339414  
35  0.04  0.00288658  
36  0.04  0.00321436  
37  0.04  0.0033351  
38  0.04  0.0034036  
39  0.04  0.00317436  
