1  0.04  0.000974692  
2  0.04  0.00137672  
3  0.04  0.00133032  
4  0.04  0.00208711  
5  0.04  0.00151928  
6  0.04  0.00213683  
7  0.04  0.00250929  
8  0.04  0.00238369  
9  0.04  0.0022584  
10  0.04  0.00209178  
11  0.04  0.0032321  
12  0.04  0.00330302  
13  0.04  0.00303428  
14  0.04  0.00331223  
15  0.04  0.00330218  
16  0.04  0.00376024  
17  0.04  0.00275853  
18  0.04  0.00358144  
19  0.04  0.00267609  
20  0.04  0.00422857  
21  0.04  0.00301138  
22  0.04  0.00312452  
23  0.04  0.0029123  
24  0.04  0.00344205  
25  0.04  0.00377259  
26  0.04  0.00326172  
27  0.04  0.00393635  
28  0.04  0.00386794  
29  0.04  0.00436579  
30  0.04  0.00436486  
31  0.04  0.00338401  
32  0.04  0.00380632  
33  0.04  0.00447123  
34  0.04  0.00503011  
35  0.04  0.00386415  
36  0.04  0.00461052  
37  0.04  0.00443914  
38  0.04  0.00430386  
39  0.04  0.00532607  
