1  0.04  0.00119719  
2  0.04  0.00123866  
3  0.04  0.00172548  
4  0.04  0.0022689  
5  0.04  0.00213511  
6  0.04  0.00239854  
7  0.04  0.00240435  
8  0.04  0.00300402  
9  0.04  0.00325699  
10  0.04  0.00259264  
11  0.04  0.0029895  
12  0.04  0.0031165  
13  0.04  0.00353108  
14  0.04  0.00287661  
15  0.04  0.00370382  
16  0.04  0.00356652  
17  0.04  0.0035496  
18  0.04  0.00321834  
19  0.04  0.00405005  
20  0.04  0.00337548  
21  0.04  0.00371322  
22  0.04  0.00389807  
23  0.04  0.00320238  
24  0.04  0.00384373  
25  0.04  0.00368522  
26  0.04  0.00378071  
27  0.04  0.00334727  
28  0.04  0.00356695  
29  0.04  0.00416678  
