1  0.04  0.00075832  
2  0.04  0.000912219  
3  0.04  0.00142092  
4  0.04  0.00202626  
5  0.04  0.00175748  
6  0.04  0.00152912  
7  0.04  0.00210774  
8  0.04  0.00209984  
9  0.04  0.00291604  
10  0.04  0.00288785  
11  0.04  0.00296957  
12  0.04  0.00260271  
13  0.04  0.00291193  
14  0.04  0.00295169  
15  0.04  0.00250476  
16  0.04  0.00289856  
17  0.04  0.00347291  
18  0.04  0.00330503  
19  0.04  0.00316125  
20  0.04  0.00336837  
21  0.04  0.0038884  
22  0.04  0.00404888  
23  0.04  0.00383967  
24  0.04  0.00328141  
25  0.04  0.00403128  
26  0.04  0.00326696  
27  0.04  0.00407099  
28  0.04  0.00320801  
29  0.04  0.00448506  
