1  0.04  0.000115814  
2  0.04  0.000222699  
3  0.04  0.000299387  
4  0.04  0.000382678  
5  0.04  0.000321993  
6  0.04  0.000314839  
7  0.04  0.000404799  
8  0.04  0.000499788  
9  0.04  0.00050094  
10  0.04  0.000450866  
11  0.04  0.000426751  
12  0.04  0.00046611  
13  0.04  0.00040902  
14  0.04  0.000557508  
15  0.04  0.000430886  
16  0.04  0.000585636  
17  0.04  0.000512632  
18  0.04  0.000473839  
19  0.04  0.000576715  
20  0.04  0.000548932  
21  0.04  0.000564451  
22  0.04  0.000421957  
23  0.04  0.000566586  
24  0.04  0.000540077  
25  0.04  0.000589921  
26  0.04  0.000501477  
27  0.04  0.000541849  
28  0.04  0.000454575  
29  0.04  0.000573514  
30  0.04  0.000525753  
31  0.04  0.000510326  
32  0.04  0.000549942  
33  0.04  0.00050443  
34  0.04  0.000446345  
35  0.04  0.000567625  
36  0.04  0.000519367  
37  0.04  0.00060202  
38  0.04  0.000551116  
39  0.04  0.000588915  
