1  0.04  0.00105201  
2  0.04  0.00136065  
3  0.04  0.00186704  
4  0.04  0.00134765  
5  0.04  0.00198531  
6  0.04  0.00233852  
7  0.04  0.00224836  
8  0.04  0.00291263  
9  0.04  0.00309462  
10  0.04  0.00208923  
11  0.04  0.00326493  
12  0.04  0.0024097  
13  0.04  0.00342949  
14  0.04  0.00300313  
15  0.04  0.00323132  
16  0.04  0.00253199  
17  0.04  0.00288579  
18  0.04  0.00371532  
19  0.04  0.00278978  
20  0.04  0.00397096  
21  0.04  0.0041951  
22  0.04  0.00386538  
23  0.04  0.00351329  
24  0.04  0.00319236  
25  0.04  0.00383815  
26  0.04  0.00367882  
27  0.04  0.00380012  
28  0.04  0.0036147  
29  0.04  0.00445071  
30  0.04  0.00357602  
31  0.04  0.00434877  
32  0.04  0.00477582  
33  0.04  0.00489865  
34  0.04  0.0042853  
35  0.04  0.00460356  
36  0.04  0.00504399  
37  0.04  0.00446088  
38  0.04  0.00427468  
39  0.04  0.00466621  
