1  0.04  0.00011146  
2  0.04  0.000218575  
3  0.04  0.000279725  
4  0.04  0.000335764  
5  0.04  0.000279578  
6  0.04  0.000358527  
7  0.04  0.000390511  
8  0.04  0.000397545  
9  0.04  0.000426219  
10  0.04  0.000517097  
11  0.04  0.000354482  
12  0.04  0.000394864  
13  0.04  0.000445218  
14  0.04  0.000391708  
15  0.04  0.000434197  
16  0.04  0.000455041  
17  0.04  0.000445736  
18  0.04  0.000502883  
19  0.04  0.000432416  
20  0.04  0.000425848  
21  0.04  0.000416813  
22  0.04  0.000547501  
23  0.04  0.000440351  
24  0.04  0.000433419  
25  0.04  0.000574654  
26  0.04  0.000404411  
27  0.04  0.000449085  
28  0.04  0.000522614  
29  0.04  0.000399975  
30  0.04  0.000427839  
31  0.04  0.000630825  
32  0.04  0.000632965  
33  0.04  0.000539149  
34  0.04  0.000573822  
35  0.04  0.000606188  
36  0.04  0.000545451  
37  0.04  0.000653083  
38  0.04  0.00064057  
39  0.04  0.000543118  
40  0.04  0.000531871  
41  0.04  0.000449587  
42  0.04  0.000505461  
43  0.04  0.000671097  
44  0.04  0.000516615  
45  0.04  0.000655941  
46  0.04  0.000546106  
47  0.04  0.000686496  
48  0.04  0.000566257  
49  0.04  0.000642134  
