1  0.04  0.000704373  
2  0.04  0.000850715  
3  0.04  0.000951719  
4  0.04  0.00140133  
5  0.04  0.00130545  
6  0.04  0.00124597  
7  0.04  0.00148527  
8  0.04  0.00183819  
9  0.04  0.00145952  
10  0.04  0.00219343  
11  0.04  0.00194885  
12  0.04  0.00183542  
13  0.04  0.00196619  
14  0.04  0.00230506  
15  0.04  0.00193461  
16  0.04  0.00214672  
17  0.04  0.00215137  
18  0.04  0.0023367  
19  0.04  0.00280521  
20  0.04  0.00279079  
21  0.04  0.00231582  
22  0.04  0.00222381  
23  0.04  0.00222562  
24  0.04  0.00299338  
25  0.04  0.00274947  
26  0.04  0.00293643  
27  0.04  0.00288706  
28  0.04  0.00300493  
29  0.04  0.00226806  
