1  0.04  0.00130426  
2  0.04  0.00170197  
3  0.04  0.00227342  
4  0.04  0.00178467  
5  0.04  0.00247645  
6  0.04  0.00286092  
7  0.04  0.00279277  
8  0.04  0.00347417  
9  0.04  0.00366434  
10  0.04  0.00266996  
11  0.04  0.0038522  
12  0.04  0.00300783  
13  0.04  0.0040217  
14  0.04  0.00359981  
15  0.04  0.00382269  
16  0.04  0.00313062  
17  0.04  0.00348098  
18  0.04  0.00428682  
19  0.04  0.00337149  
20  0.04  0.0045161  
21  0.04  0.00471478  
22  0.04  0.00437508  
23  0.04  0.00401482  
24  0.04  0.00368633  
25  0.04  0.00429843  
26  0.04  0.00412242  
27  0.04  0.00421877  
28  0.04  0.00401571  
29  0.04  0.00480266  
30  0.04  0.00392373  
31  0.04  0.00464978  
32  0.04  0.00503225  
33  0.04  0.00511567  
34  0.04  0.0044802  
35  0.04  0.0047573  
36  0.04  0.00515166  
37  0.04  0.00453739  
38  0.04  0.00431586  
39  0.04  0.00466621  
