1  0.04  0.000597182  
2  0.04  0.000704502  
3  0.04  0.000777525  
4  0.04  0.00120518  
5  0.04  0.0010942  
6  0.04  0.0010213  
7  0.04  0.00124862  
8  0.04  0.00159517  
9  0.04  0.00121008  
10  0.04  0.00194384  
11  0.04  0.00169851  
12  0.04  0.00158451  
13  0.04  0.00171708  
14  0.04  0.00206301  
15  0.04  0.00169477  
16  0.04  0.00191383  
17  0.04  0.00192576  
18  0.04  0.00212198  
19  0.04  0.00260897  
20  0.04  0.00261112  
21  0.04  0.00214664  
22  0.04  0.00206736  
23  0.04  0.00208321  
24  0.04  0.00287709  
25  0.04  0.00265307  
26  0.04  0.00286467  
27  0.04  0.00283966  
28  0.04  0.00298444  
29  0.04  0.00226806  
