1  0.04  0.000125034  
2  0.04  0.000182535  
3  0.04  0.000241945  
4  0.04  0.000282242  
5  0.04  0.000376907  
6  0.04  0.000284723  
7  0.04  0.000307552  
8  0.04  0.000384699  
9  0.04  0.000359328  
10  0.04  0.000415413  
11  0.04  0.000362297  
12  0.04  0.00051514  
13  0.04  0.000392953  
14  0.04  0.000385505  
15  0.04  0.000468324  
16  0.04  0.000500932  
17  0.04  0.000414969  
18  0.04  0.000449926  
19  0.04  0.000430655  
20  0.04  0.000550712  
21  0.04  0.000429559  
22  0.04  0.000424393  
23  0.04  0.000432705  
24  0.04  0.000485821  
25  0.04  0.000455313  
26  0.04  0.000412361  
27  0.04  0.000414627  
28  0.04  0.00053154  
29  0.04  0.000521069  
