1  0.04  0.00136143  
2  0.04  0.00144233  
3  0.04  0.0017336  
4  0.04  0.00215256  
5  0.04  0.00265068  
6  0.04  0.00325605  
7  0.04  0.00351525  
8  0.04  0.00358169  
9  0.04  0.00347119  
10  0.04  0.00297616  
11  0.04  0.00418568  
12  0.04  0.00328924  
13  0.04  0.00386325  
14  0.04  0.00438279  
15  0.04  0.00403926  
16  0.04  0.00414738  
17  0.04  0.00391008  
18  0.04  0.00449464  
19  0.04  0.00468603  
20  0.04  0.00377185  
21  0.04  0.005306  
22  0.04  0.00473373  
23  0.04  0.00410737  
24  0.04  0.00407796  
25  0.04  0.0052015  
26  0.04  0.00499678  
27  0.04  0.00439319  
28  0.04  0.00417836  
29  0.04  0.00499726  
30  0.04  0.00480599  
31  0.04  0.00474331  
32  0.04  0.00538341  
33  0.04  0.00516308  
34  0.04  0.00554578  
35  0.04  0.00459285  
36  0.04  0.00427635  
37  0.04  0.00422968  
38  0.04  0.00491381  
39  0.04  0.00427751  
40  0.04  0.00501938  
41  0.04  0.00454168  
42  0.04  0.00513491  
43  0.04  0.0043531  
44  0.04  0.00499348  
45  0.04  0.0046482  
46  0.04  0.0047542  
47  0.04  0.00519761  
48  0.04  0.00565237  
49  0.04  0.00444866  
