1  0.04  7.2765e-05  
2  0.04  0.000153159  
3  0.04  0.000211975  
4  0.04  0.000335374  
5  0.04  0.000246117  
6  0.04  0.000328755  
7  0.04  0.000291639  
8  0.04  0.000434878  
9  0.04  0.000431003  
10  0.04  0.000381706  
11  0.04  0.0003766  
12  0.04  0.00038607  
13  0.04  0.000509149  
14  0.04  0.000461037  
15  0.04  0.00046945  
16  0.04  0.000435488  
17  0.04  0.000437802  
18  0.04  0.000490934  
19  0.04  0.000489005  
20  0.04  0.00050043  
21  0.04  0.000521216  
22  0.04  0.000528667  
23  0.04  0.00043804  
24  0.04  0.000429728  
25  0.04  0.000553182  
26  0.04  0.000557875  
27  0.04  0.000583943  
28  0.04  0.000431558  
29  0.04  0.000438819  
30  0.04  0.000456066  
31  0.04  0.000540338  
32  0.04  0.00055108  
33  0.04  0.000451521  
34  0.04  0.000529141  
35  0.04  0.000562377  
36  0.04  0.000430315  
37  0.04  0.000500981  
38  0.04  0.000609866  
39  0.04  0.000441734  
