1  0.04  0.000767715  
2  0.04  0.000933596  
3  0.04  0.00125043  
4  0.04  0.00116451  
5  0.04  0.0011459  
6  0.04  0.00130234  
7  0.04  0.00142327  
8  0.04  0.00205591  
9  0.04  0.00152659  
10  0.04  0.00194267  
11  0.04  0.00175099  
12  0.04  0.0020467  
13  0.04  0.00245952  
14  0.04  0.00250399  
15  0.04  0.00182191  
16  0.04  0.00228194  
17  0.04  0.00211128  
18  0.04  0.00198936  
19  0.04  0.00234961  
20  0.04  0.00236926  
21  0.04  0.00240862  
22  0.04  0.00219544  
23  0.04  0.00247221  
24  0.04  0.00296324  
25  0.04  0.00267575  
26  0.04  0.00245954  
27  0.04  0.00240186  
28  0.04  0.00270672  
29  0.04  0.00292341  
