1  0.04  9.4547e-05  
2  0.04  0.000185425  
3  0.04  0.000251592  
4  0.04  0.000380829  
5  0.04  0.00029537  
6  0.04  0.000382668  
7  0.04  0.000348802  
8  0.04  0.000495243  
9  0.04  0.000492996  
10  0.04  0.00044522  
11  0.04  0.000441753  
12  0.04  0.000452665  
13  0.04  0.000576273  
14  0.04  0.00052809  
15  0.04  0.000536352  
16  0.04  0.000502203  
17  0.04  0.00050427  
18  0.04  0.000556583  
19  0.04  0.000553467  
20  0.04  0.000563414  
21  0.04  0.000582317  
22  0.04  0.00058758  
23  0.04  0.000495348  
24  0.04  0.000485487  
25  0.04  0.000606118  
26  0.04  0.00060761  
27  0.04  0.000630029  
28  0.04  0.00047527  
29  0.04  0.000480024  
30  0.04  0.000494453  
31  0.04  0.000574913  
32  0.04  0.000581546  
33  0.04  0.000478698  
34  0.04  0.000552084  
35  0.04  0.00058057  
36  0.04  0.000444888  
37  0.04  0.000511042  
38  0.04  0.000614145  
39  0.04  0.000441734  
