1  0.04  0.000649878  
2  0.04  0.000969799  
3  0.04  0.00124215  
4  0.04  0.00158942  
5  0.04  0.00145883  
6  0.04  0.00217685  
7  0.04  0.00183634  
8  0.04  0.00236045  
9  0.04  0.00213922  
10  0.04  0.00231539  
11  0.04  0.00200973  
12  0.04  0.00199838  
13  0.04  0.00302065  
14  0.04  0.00301989  
15  0.04  0.00304088  
16  0.04  0.00325632  
17  0.04  0.00262834  
18  0.04  0.0030911  
19  0.04  0.00318815  
20  0.04  0.00236489  
21  0.04  0.00323083  
22  0.04  0.00297815  
23  0.04  0.00259047  
24  0.04  0.00306624  
25  0.04  0.00281315  
26  0.04  0.00358236  
27  0.04  0.00258181  
28  0.04  0.00298172  
29  0.04  0.00371475  
30  0.04  0.0028803  
31  0.04  0.00313302  
32  0.04  0.00308224  
33  0.04  0.00266169  
34  0.04  0.00275553  
35  0.04  0.00381017  
36  0.04  0.00329997  
37  0.04  0.00272818  
38  0.04  0.00357388  
39  0.04  0.00316773  
40  0.04  0.00279921  
41  0.04  0.00317363  
42  0.04  0.00330295  
43  0.04  0.00331357  
44  0.04  0.00303015  
45  0.04  0.00346303  
46  0.04  0.00276675  
47  0.04  0.00292037  
48  0.04  0.00306607  
49  0.04  0.00343723  
