1  0.04  9.12086e-05  
2  0.04  0.000188161  
3  0.04  0.000258297  
4  0.04  0.000336882  
5  0.04  0.000272685  
6  0.04  0.000261972  
7  0.04  0.000348527  
8  0.04  0.000441678  
9  0.04  0.000441922  
10  0.04  0.000391017  
11  0.04  0.000365907  
12  0.04  0.000404371  
13  0.04  0.000346635  
14  0.04  0.000494851  
15  0.04  0.000368333  
16  0.04  0.000523534  
17  0.04  0.000451387  
18  0.04  0.000413109  
19  0.04  0.000517184  
20  0.04  0.000490916  
21  0.04  0.00050817  
22  0.04  0.000366558  
23  0.04  0.000512872  
24  0.04  0.000488379  
25  0.04  0.000540816  
26  0.04  0.000454423  
27  0.04  0.000497262  
28  0.04  0.000411868  
29  0.04  0.00053387  
30  0.04  0.000488997  
31  0.04  0.000476475  
32  0.04  0.000519575  
33  0.04  0.000477317  
34  0.04  0.000422106  
35  0.04  0.000547686  
36  0.04  0.000503516  
37  0.04  0.000591371  
38  0.04  0.000545463  
39  0.04  0.000588915  
