1  0.04  0.00067691  
2  0.04  0.000808197  
3  0.04  0.00109906  
4  0.04  0.000994054  
5  0.04  0.000957872  
6  0.04  0.00109732  
7  0.04  0.00120434  
8  0.04  0.00182949  
9  0.04  0.0012925  
10  0.04  0.00170371  
11  0.04  0.00150782  
12  0.04  0.00180332  
13  0.04  0.00222275  
14  0.04  0.00227477  
15  0.04  0.00159236  
16  0.04  0.0020613  
17  0.04  0.001897  
18  0.04  0.00178155  
19  0.04  0.00215491  
20  0.04  0.00218755  
21  0.04  0.00224148  
22  0.04  0.00204065  
23  0.04  0.0023357  
24  0.04  0.00285191  
25  0.04  0.00258419  
26  0.04  0.00238731  
27  0.04  0.00234994  
28  0.04  0.00267953  
29  0.04  0.00292341  
