1  0.04  0.000119641  
2  0.04  0.000170201  
3  0.04  0.000226652  
4  0.04  0.000252689  
5  0.04  0.000288057  
6  0.04  0.00039371  
7  0.04  0.0004265  
8  0.04  0.000402196  
9  0.04  0.000414627  
10  0.04  0.000417902  
11  0.04  0.000477961  
12  0.04  0.000469683  
13  0.04  0.000489377  
14  0.04  0.000415244  
15  0.04  0.000506569  
16  0.04  0.000463725  
17  0.04  0.000473309  
18  0.04  0.00052337  
19  0.04  0.000537626  
20  0.04  0.000508066  
21  0.04  0.000542877  
22  0.04  0.000539617  
23  0.04  0.0005334  
24  0.04  0.000391783  
25  0.04  0.000397178  
26  0.04  0.000398123  
27  0.04  0.000482271  
28  0.04  0.000408888  
29  0.04  0.000546384  
