1  0.04  8.82786e-05  
2  0.04  0.000166321  
3  0.04  0.000284692  
4  0.04  0.00034808  
5  0.04  0.000329902  
6  0.04  0.000344302  
7  0.04  0.000463484  
8  0.04  0.000322434  
9  0.04  0.000431667  
10  0.04  0.000413543  
11  0.04  0.000529532  
12  0.04  0.000497076  
13  0.04  0.000500858  
14  0.04  0.000414293  
15  0.04  0.000484118  
16  0.04  0.000350511  
17  0.04  0.000480558  
18  0.04  0.000526035  
19  0.04  0.000458079  
20  0.04  0.000575827  
21  0.04  0.000558729  
22  0.04  0.00058706  
23  0.04  0.000409909  
24  0.04  0.000598831  
25  0.04  0.000388657  
26  0.04  0.000595685  
27  0.04  0.00059544  
28  0.04  0.000405411  
29  0.04  0.00045221  
30  0.04  0.000529588  
31  0.04  0.0004516  
32  0.04  0.000503229  
33  0.04  0.000494038  
34  0.04  0.000554709  
35  0.04  0.000595769  
36  0.04  0.000571498  
37  0.04  0.000562636  
38  0.04  0.000654554  
39  0.04  0.000575622  
40  0.04  0.000527209  
41  0.04  0.000492708  
42  0.04  0.000567319  
43  0.04  0.000664309  
44  0.04  0.00065054  
45  0.04  0.000540318  
46  0.04  0.000601498  
47  0.04  0.000619496  
48  0.04  0.000626312  
49  0.04  0.000520696  
