1  0.04  0.00107197  
2  0.04  0.00106722  
3  0.04  0.00127482  
4  0.04  0.00161065  
5  0.04  0.00203667  
6  0.04  0.0025849  
7  0.04  0.00280653  
8  0.04  0.00284317  
9  0.04  0.00270758  
10  0.04  0.00219781  
11  0.04  0.0033708  
12  0.04  0.00246157  
13  0.04  0.0030119  
14  0.04  0.00352516  
15  0.04  0.00317068  
16  0.04  0.00327324  
17  0.04  0.00302787  
18  0.04  0.00362001  
19  0.04  0.00382099  
20  0.04  0.00289074  
21  0.04  0.00447449  
22  0.04  0.0038964  
23  0.04  0.00326223  
24  0.04  0.00324001  
25  0.04  0.00441868  
26  0.04  0.00422812  
27  0.04  0.00362192  
28  0.04  0.00341704  
29  0.04  0.00428859  
30  0.04  0.00411596  
31  0.04  0.0040775  
32  0.04  0.00477661  
33  0.04  0.00458072  
34  0.04  0.00501703  
35  0.04  0.00405982  
36  0.04  0.00376235  
37  0.04  0.00374334  
38  0.04  0.00448394  
39  0.04  0.00386084  
40  0.04  0.004662  
41  0.04  0.00420686  
42  0.04  0.00485607  
43  0.04  0.004092  
44  0.04  0.00478604  
45  0.04  0.00447338  
46  0.04  0.00462095  
47  0.04  0.00511311  
48  0.04  0.0056179  
49  0.04  0.00444866  
