1  0.04  0.000954048  
2  0.04  0.00117737  
3  0.04  0.00173894  
4  0.04  0.00237659  
5  0.04  0.00213136  
6  0.04  0.0019232  
7  0.04  0.00251817  
8  0.04  0.00252062  
9  0.04  0.00333187  
10  0.04  0.00330123  
11  0.04  0.00337647  
12  0.04  0.00300941  
13  0.04  0.00330713  
14  0.04  0.00333606  
15  0.04  0.00288656  
16  0.04  0.00326376  
17  0.04  0.00381081  
18  0.04  0.00362659  
19  0.04  0.0034661  
20  0.04  0.00364867  
21  0.04  0.00413359  
22  0.04  0.00426184  
23  0.04  0.00402633  
24  0.04  0.00344867  
25  0.04  0.00415872  
26  0.04  0.00337337  
27  0.04  0.00413779  
28  0.04  0.00325025  
29  0.04  0.00448506  
