1  0.04  0.000719235  
2  0.04  0.000849109  
3  0.04  0.0008281  
4  0.04  0.00148727  
5  0.04  0.00136975  
6  0.04  0.00126379  
7  0.04  0.00125802  
8  0.04  0.00187782  
9  0.04  0.0013407  
10  0.04  0.00168914  
11  0.04  0.00164174  
12  0.04  0.00208526  
13  0.04  0.00211211  
14  0.04  0.00189811  
15  0.04  0.0024929  
16  0.04  0.00178994  
17  0.04  0.00226812  
18  0.04  0.00269703  
19  0.04  0.00255321  
20  0.04  0.00294591  
21  0.04  0.00186881  
22  0.04  0.00282673  
23  0.04  0.00202623  
24  0.04  0.00270886  
25  0.04  0.00297116  
26  0.04  0.00203544  
27  0.04  0.002435  
28  0.04  0.00209996  
29  0.04  0.00305864  
30  0.04  0.00324016  
31  0.04  0.00289292  
32  0.04  0.00330777  
33  0.04  0.00342736  
34  0.04  0.00244904  
35  0.04  0.00307807  
36  0.04  0.00344344  
37  0.04  0.00267673  
38  0.04  0.00327288  
39  0.04  0.00245101  
40  0.04  0.00360764  
41  0.04  0.00251352  
42  0.04  0.00324767  
43  0.04  0.0026735  
44  0.04  0.00374828  
45  0.04  0.00367044  
46  0.04  0.00321691  
47  0.04  0.00304917  
48  0.04  0.00358011  
49  0.04  0.00300025  
