1  0.04  0.000139765  
2  0.04  0.000258438  
3  0.04  0.00032722  
4  0.04  0.000389136  
5  0.04  0.000337015  
6  0.04  0.000420965  
7  0.04  0.000456359  
8  0.04  0.000466033  
9  0.04  0.000497001  
10  0.04  0.000589518  
11  0.04  0.000427022  
12  0.04  0.000469606  
13  0.04  0.00052152  
14  0.04  0.000468583  
15  0.04  0.00051241  
16  0.04  0.000533918  
17  0.04  0.0005249  
18  0.04  0.0005823  
19  0.04  0.00051142  
20  0.04  0.000505048  
21  0.04  0.000496193  
22  0.04  0.000626822  
23  0.04  0.000518676  
24  0.04  0.000511482  
25  0.04  0.000651878  
26  0.04  0.000480414  
27  0.04  0.000524805  
28  0.04  0.000597256  
29  0.04  0.00047362  
30  0.04  0.000501018  
31  0.04  0.000701856  
32  0.04  0.000700961  
33  0.04  0.000604721  
34  0.04  0.000636724  
35  0.04  0.000665914  
36  0.04  0.000602341  
37  0.04  0.000706048  
38  0.04  0.000689457  
39  0.04  0.000588692  
40  0.04  0.000574143  
41  0.04  0.000489213  
42  0.04  0.000541812  
43  0.04  0.000702334  
44  0.04  0.000544063  
45  0.04  0.000677999  
46  0.04  0.00056365  
47  0.04  0.000697878  
48  0.04  0.000572436  
49  0.04  0.000642134  
