1  0.04  0.000102477  
2  0.04  0.000146251  
3  0.04  0.000197418  
4  0.04  0.000219201  
5  0.04  0.000250874  
6  0.04  0.000353843  
7  0.04  0.000385054  
8  0.04  0.000359436  
9  0.04  0.000370807  
10  0.04  0.000373332  
11  0.04  0.000433354  
12  0.04  0.00042539  
13  0.04  0.000445796  
14  0.04  0.000372024  
15  0.04  0.000464574  
16  0.04  0.000422944  
17  0.04  0.000434007  
18  0.04  0.000486271  
19  0.04  0.000503167  
20  0.04  0.000476237  
21  0.04  0.000514283  
22  0.04  0.000514514  
23  0.04  0.000512001  
24  0.04  0.000372928  
25  0.04  0.000381123  
26  0.04  0.0003851  
27  0.04  0.000473367  
28  0.04  0.000403631  
29  0.04  0.000546384  
