1  0.04  0.0012015  
2  0.04  0.00169168  
3  0.04  0.00169994  
4  0.04  0.00252059  
5  0.04  0.00197815  
6  0.04  0.00264624  
7  0.04  0.00304851  
8  0.04  0.00294507  
9  0.04  0.00284038  
10  0.04  0.00269299  
11  0.04  0.00384321  
12  0.04  0.00391724  
13  0.04  0.00365545  
14  0.04  0.00392967  
15  0.04  0.00391704  
16  0.04  0.00435761  
17  0.04  0.00336992  
18  0.04  0.00416935  
19  0.04  0.00327441  
20  0.04  0.00477559  
21  0.04  0.00357452  
22  0.04  0.00367289  
23  0.04  0.00345224  
24  0.04  0.00395331  
25  0.04  0.00425326  
26  0.04  0.00373427  
27  0.04  0.00436706  
28  0.04  0.00427318  
29  0.04  0.0047265  
30  0.04  0.00469243  
31  0.04  0.00370558  
32  0.04  0.0040903  
33  0.04  0.00470652  
34  0.04  0.00521397  
35  0.04  0.00403314  
36  0.04  0.00473157  
37  0.04  0.004524  
38  0.04  0.00435225  
39  0.04  0.00532607  
