1  0.04  0.00103128  
2  0.04  0.00101516  
3  0.04  0.00145189  
4  0.04  0.00196027  
5  0.04  0.00180097  
6  0.04  0.00204223  
7  0.04  0.00203042  
8  0.04  0.00262173  
9  0.04  0.00287296  
10  0.04  0.00219769  
11  0.04  0.00259472  
12  0.04  0.00272477  
13  0.04  0.00315249  
14  0.04  0.0024951  
15  0.04  0.00334646  
16  0.04  0.00322232  
17  0.04  0.00322202  
18  0.04  0.00290184  
19  0.04  0.00377039  
20  0.04  0.00310668  
21  0.04  0.00347368  
22  0.04  0.00368896  
23  0.04  0.00300864  
24  0.04  0.00368634  
25  0.04  0.00355599  
26  0.04  0.00368371  
27  0.04  0.00327655  
28  0.04  0.00352858  
29  0.04  0.00416678  
