1  0.04  0.000720291  
2  0.04  0.000949564  
3  0.04  0.00138202  
4  0.04  0.00118777  
5  0.04  0.0015236  
6  0.04  0.00197694  
7  0.04  0.00169427  
8  0.04  0.00160749  
9  0.04  0.00168151  
10  0.04  0.00234058  
11  0.04  0.00238978  
12  0.04  0.0021853  
13  0.04  0.00274369  
14  0.04  0.00197096  
15  0.04  0.0021169  
16  0.04  0.00296408  
17  0.04  0.00292956  
18  0.04  0.00252435  
19  0.04  0.00277094  
20  0.04  0.00260331  
21  0.04  0.00291642  
22  0.04  0.00258019  
23  0.04  0.00290512  
24  0.04  0.00284159  
25  0.04  0.00328335  
26  0.04  0.00262477  
27  0.04  0.00255198  
28  0.04  0.00290642  
29  0.04  0.00236413  
30  0.04  0.00257363  
31  0.04  0.00348527  
32  0.04  0.00315038  
33  0.04  0.00323304  
34  0.04  0.00324137  
35  0.04  0.00253884  
36  0.04  0.00246958  
37  0.04  0.00343826  
38  0.04  0.00291567  
39  0.04  0.00292653  
