1  0.04  0.00127846  
2  0.04  0.00153247  
3  0.04  0.00193311  
4  0.04  0.00274939  
5  0.04  0.00245839  
6  0.04  0.00234458  
7  0.04  0.00296118  
8  0.04  0.00353383  
9  0.04  0.00316029  
10  0.04  0.00390912  
11  0.04  0.00421152  
12  0.04  0.00376981  
13  0.04  0.00429904  
14  0.04  0.00408532  
15  0.04  0.00388517  
16  0.04  0.003637  
17  0.04  0.00397053  
18  0.04  0.00491302  
19  0.04  0.00516199  
20  0.04  0.00433913  
21  0.04  0.00428534  
22  0.04  0.00397492  
23  0.04  0.00475784  
24  0.04  0.00544679  
25  0.04  0.00491595  
26  0.04  0.0048465  
27  0.04  0.00560768  
28  0.04  0.00455149  
29  0.04  0.00496697  
30  0.04  0.00438471  
31  0.04  0.00482445  
32  0.04  0.00432225  
33  0.04  0.00459651  
34  0.04  0.00550274  
35  0.04  0.00522548  
36  0.04  0.00569145  
37  0.04  0.00474115  
38  0.04  0.00504898  
39  0.04  0.00569423  
40  0.04  0.00510149  
41  0.04  0.0051606  
42  0.04  0.0058846  
43  0.04  0.0057968  
44  0.04  0.00507988  
45  0.04  0.00574786  
46  0.04  0.00527332  
47  0.04  0.0046927  
48  0.04  0.00468372  
49  0.04  0.00420916  
