1  0.04  0.000999559  
2  0.04  0.00116217  
3  0.04  0.00148076  
4  0.04  0.00221579  
5  0.04  0.00189688  
6  0.04  0.00175615  
7  0.04  0.00231018  
8  0.04  0.00284358  
9  0.04  0.00245629  
10  0.04  0.00317298  
11  0.04  0.00346246  
12  0.04  0.00301096  
13  0.04  0.00352947  
14  0.04  0.00330844  
15  0.04  0.00310073  
16  0.04  0.00284478  
17  0.04  0.0031686  
18  0.04  0.00412366  
19  0.04  0.00438728  
20  0.04  0.00355217  
21  0.04  0.00349965  
22  0.04  0.00318592  
23  0.04  0.00398918  
24  0.04  0.00471609  
25  0.04  0.00418255  
26  0.04  0.00412532  
27  0.04  0.00493579  
28  0.04  0.00385935  
29  0.04  0.00430605  
30  0.04  0.00372139  
31  0.04  0.00419363  
32  0.04  0.00369274  
33  0.04  0.00399451  
34  0.04  0.00496327  
35  0.04  0.00470414  
36  0.04  0.00522276  
37  0.04  0.00426557  
38  0.04  0.00461409  
39  0.04  0.00531959  
40  0.04  0.00474095  
41  0.04  0.00483726  
42  0.04  0.00562506  
43  0.04  0.00557695  
44  0.04  0.00488181  
45  0.04  0.00560657  
46  0.04  0.00516594  
47  0.04  0.0046178  
48  0.04  0.00464817  
49  0.04  0.00420916  
