1  0.04  0.000884831  
2  0.04  0.00107626  
3  0.04  0.00109637  
4  0.04  0.00181462  
5  0.04  0.0017249  
6  0.04  0.00164338  
7  0.04  0.00166372  
8  0.04  0.00232134  
9  0.04  0.00179183  
10  0.04  0.00217052  
11  0.04  0.00213975  
12  0.04  0.00260347  
13  0.04  0.00264114  
14  0.04  0.00243609  
15  0.04  0.00303927  
16  0.04  0.00234139  
17  0.04  0.00282814  
18  0.04  0.00325508  
19  0.04  0.0031106  
20  0.04  0.00349421  
21  0.04  0.00242309  
22  0.04  0.00337135  
23  0.04  0.00257447  
24  0.04  0.00324564  
25  0.04  0.00349311  
26  0.04  0.00256155  
27  0.04  0.00295062  
28  0.04  0.00261237  
29  0.04  0.00354449  
30  0.04  0.00370426  
31  0.04  0.00334596  
32  0.04  0.00373313  
33  0.04  0.0038275  
34  0.04  0.00284818  
35  0.04  0.00344777  
36  0.04  0.00378209  
37  0.04  0.00300686  
38  0.04  0.0035702  
39  0.04  0.00273979  
40  0.04  0.00385337  
41  0.04  0.00275157  
42  0.04  0.00345145  
43  0.04  0.00286019  
44  0.04  0.00389306  
45  0.04  0.00378403  
46  0.04  0.00330487  
47  0.04  0.00311031  
48  0.04  0.00360713  
49  0.04  0.00300025  
