1  0.04  0.000699607  
2  0.04  0.00102643  
3  0.04  0.000824445  
4  0.04  0.00115238  
5  0.04  0.000989612  
6  0.04  0.00137382  
7  0.04  0.00152828  
8  0.04  0.00189809  
9  0.04  0.00149629  
10  0.04  0.00198065  
11  0.04  0.00215265  
12  0.04  0.0014957  
13  0.04  0.00232353  
14  0.04  0.00209326  
15  0.04  0.00190828  
16  0.04  0.00172324  
17  0.04  0.0024133  
18  0.04  0.00183157  
19  0.04  0.00207413  
20  0.04  0.00207414  
21  0.04  0.00254891  
22  0.04  0.00196915  
23  0.04  0.00263446  
24  0.04  0.00266187  
25  0.04  0.00230492  
26  0.04  0.00288263  
27  0.04  0.00308381  
28  0.04  0.00278219  
29  0.04  0.00225408  
30  0.04  0.00301143  
31  0.04  0.00245591  
32  0.04  0.00331518  
33  0.04  0.00290695  
34  0.04  0.00325575  
35  0.04  0.00276835  
36  0.04  0.0031252  
37  0.04  0.00327559  
38  0.04  0.00337472  
39  0.04  0.00317436  
