1  0.04  0.000117163  
2  0.04  0.000208669  
3  0.04  0.000337438  
4  0.04  0.000408008  
5  0.04  0.000395281  
6  0.04  0.000414924  
7  0.04  0.000539011  
8  0.04  0.00040031  
9  0.04  0.00051425  
10  0.04  0.000498724  
11  0.04  0.000617263  
12  0.04  0.000585884  
13  0.04  0.000590734  
14  0.04  0.000504922  
15  0.04  0.000576293  
16  0.04  0.00044299  
17  0.04  0.000575146  
18  0.04  0.000620803  
19  0.04  0.000552658  
20  0.04  0.000670086  
21  0.04  0.000651757  
22  0.04  0.000678556  
23  0.04  0.000500349  
24  0.04  0.00068813  
25  0.04  0.000476727  
26  0.04  0.000682279  
27  0.04  0.000679385  
28  0.04  0.00048781  
29  0.04  0.000533363  
30  0.04  0.000608582  
31  0.04  0.000528675  
32  0.04  0.000578057  
33  0.04  0.000566445  
34  0.04  0.000624039  
35  0.04  0.000661413  
36  0.04  0.000633509  
37  0.04  0.000620967  
38  0.04  0.00070816  
39  0.04  0.000625125  
40  0.04  0.000572965  
41  0.04  0.000534944  
42  0.04  0.000605166  
43  0.04  0.000696633  
44  0.04  0.000677328  
45  0.04  0.000562507  
46  0.04  0.000618291  
47  0.04  0.000630547  
48  0.04  0.000631384  
49  0.04  0.000520696  
