1  0.04  0.000105518  
2  0.04  0.00015609  
3  0.04  0.000210717  
4  0.04  0.000247549  
5  0.04  0.000340061  
6  0.04  0.000245947  
7  0.04  0.000266854  
8  0.04  0.000342906  
9  0.04  0.000316804  
10  0.04  0.000372682  
11  0.04  0.000319331  
12  0.04  0.000473218  
13  0.04  0.000351561  
14  0.04  0.00034453  
15  0.04  0.000428618  
16  0.04  0.000463117  
17  0.04  0.000378481  
18  0.04  0.000415168  
19  0.04  0.000397657  
20  0.04  0.00052082  
21  0.04  0.000401863  
22  0.04  0.000398992  
23  0.04  0.000409877  
24  0.04  0.000466316  
25  0.04  0.000439079  
26  0.04  0.000399215  
27  0.04  0.000404841  
28  0.04  0.000526555  
29  0.04  0.000521069  
