1  0.04  0.000584457  
2  0.04  0.000762012  
3  0.04  0.00115402  
4  0.04  0.000935865  
5  0.04  0.00124278  
6  0.04  0.00167539  
7  0.04  0.00138  
8  0.04  0.00127968  
9  0.04  0.00133888  
10  0.04  0.00198552  
11  0.04  0.00203007  
12  0.04  0.00182088  
13  0.04  0.00237976  
14  0.04  0.0016031  
15  0.04  0.00174435  
16  0.04  0.00259827  
17  0.04  0.00257013  
18  0.04  0.00216661  
19  0.04  0.00242096  
20  0.04  0.00225844  
21  0.04  0.00258342  
22  0.04  0.00225256  
23  0.04  0.00259129  
24  0.04  0.0025392  
25  0.04  0.00300224  
26  0.04  0.00234993  
27  0.04  0.00228851  
28  0.04  0.00266182  
29  0.04  0.00212746  
30  0.04  0.00235285  
31  0.04  0.00329635  
32  0.04  0.00298069  
33  0.04  0.00308793  
34  0.04  0.00312137  
35  0.04  0.00243483  
36  0.04  0.00238514  
37  0.04  0.00338687  
38  0.04  0.00288873  
39  0.04  0.00292653  
