1  40  0.04  0.0198538
2  40  0.04  0.0280403
3  40  0.04  0.0334231
4  40  0.04  0.0373475
5  40  0.04  0.0406936
6  40  0.04  0.0432342
7  40  0.04  0.044999
8  40  0.04  0.0466486
9  40  0.04  0.0480875
10  40  0.04  0.0492106
11  40  0.04  0.0495866
12  40  0.04  0.0497301
13  40  0.04  0.0498431
14  40  0.04  0.0493671
15  40  0.04  0.0493669
16  40  0.04  0.0490856
17  40  0.04  0.0479789
18  40  0.04  0.0467934
19  40  0.04  0.0458194
20  40  0.04  0.0445417
21  40  0.04  0.0432869
22  40  0.04  0.0416898
23  40  0.04  0.0402648
24  40  0.04  0.0384808
25  40  0.04  0.036637
26  40  0.04  0.034375
27  40  0.04  0.0326
28  40  0.04  0.0307843
29  40  0.04  0.0286369
30  40  0.04  0.0268552
31  40  0.04  0.0247325
32  40  0.04  0.0217851
33  40  0.04  0.0190372
34  40  0.04  0.0161363
35  40  0.04  0.0132618
36  40  0.04  0.0108996
37  40  0.04  0.00824859
38  40  0.04  0.00483032
39  40  0.04  0.00148164
