1  30  0.04  0.0234303
2  30  0.04  0.0316203
3  30  0.04  0.0373124
4  30  0.04  0.0412995
5  30  0.04  0.0439778
6  30  0.04  0.0461183
7  30  0.04  0.0475412
8  30  0.04  0.0485432
9  30  0.04  0.0486904
10  30  0.04  0.0483145
11  30  0.04  0.0482376
12  30  0.04  0.04758
13  30  0.04  0.0465912
14  30  0.04  0.0450302
15  30  0.04  0.0438686
16  30  0.04  0.041785
17  30  0.04  0.0396659
18  30  0.04  0.0374117
19  30  0.04  0.0353239
20  30  0.04  0.0323155
21  30  0.04  0.0298254
22  30  0.04  0.0268953
23  30  0.04  0.0236726
24  30  0.04  0.0210144
25  30  0.04  0.0176352
26  30  0.04  0.0143145
27  30  0.04  0.0108075
28  30  0.04  0.00763864
29  30  0.04  0.00416678
