1  50  0.04  0.0199759
2  50  0.04  0.0278895
3  50  0.04  0.0336532
4  50  0.04  0.0382114
5  50  0.04  0.0418429
6  50  0.04  0.0451272
7  50  0.04  0.04746
8  50  0.04  0.0497802
9  50  0.04  0.051424
10  50  0.04  0.0530382
11  50  0.04  0.0543239
12  50  0.04  0.0557017
13  50  0.04  0.0569489
14  50  0.04  0.0571971
15  50  0.04  0.0573043
16  50  0.04  0.0572628
17  50  0.04  0.0569143
18  50  0.04  0.0569857
19  50  0.04  0.0565585
20  50  0.04  0.0559437
21  50  0.04  0.0559331
22  50  0.04  0.0550898
23  50  0.04  0.0543706
24  50  0.04  0.0538965
25  50  0.04  0.052924
26  50  0.04  0.0520845
27  50  0.04  0.0504777
28  50  0.04  0.0496678
29  50  0.04  0.0484247
30  50  0.04  0.0464349
31  50  0.04  0.0451125
32  50  0.04  0.0434824
33  50  0.04  0.0418162
34  50  0.04  0.0404489
35  50  0.04  0.038918
36  50  0.04  0.0363235
37  50  0.04  0.034124
38  50  0.04  0.0323727
39  50  0.04  0.0297462
40  50  0.04  0.0274223
41  50  0.04  0.0253644
42  50  0.04  0.0228705
43  50  0.04  0.0201674
44  50  0.04  0.0173692
45  50  0.04  0.014764
46  50  0.04  0.0116496
47  50  0.04  0.00914064
48  50  0.04  0.00640237
49  50  0.04  0.00343723
