1  50  0.04  0.0385097
2  50  0.04  0.0529749
3  50  0.04  0.0633837
4  50  0.04  0.0714594
5  50  0.04  0.0775937
6  50  0.04  0.0830218
7  50  0.04  0.0878228
8  50  0.04  0.0915633
9  50  0.04  0.0943663
10  50  0.04  0.0970514
11  50  0.04  0.098779
12  50  0.04  0.0999438
13  50  0.04  0.101181
14  50  0.04  0.101733
15  50  0.04  0.102223
16  50  0.04  0.102656
17  50  0.04  0.103084
18  50  0.04  0.103044
19  50  0.04  0.102032
20  50  0.04  0.100631
21  50  0.04  0.0997623
22  50  0.04  0.0987766
23  50  0.04  0.0978913
24  50  0.04  0.0961918
25  50  0.04  0.0937388
26  50  0.04  0.0916139
27  50  0.04  0.0894107
28  50  0.04  0.0863922
29  50  0.04  0.084184
30  50  0.04  0.0814833
31  50  0.04  0.0791647
32  50  0.04  0.0763351
33  50  0.04  0.073819
34  50  0.04  0.0709364
35  50  0.04  0.0671019
36  50  0.04  0.0634053
37  50  0.04  0.0591451
38  50  0.04  0.0556593
39  50  0.04  0.0517715
40  50  0.04  0.0471453
41  50  0.04  0.0429796
42  50  0.04  0.0386419
43  50  0.04  0.0334637
44  50  0.04  0.0282596
45  50  0.04  0.0236752
46  50  0.04  0.0182893
47  50  0.04  0.0132938
48  50  0.04  0.00879495
49  50  0.04  0.00420916
