1  40  0.04  0.00299785
2  40  0.04  0.00419078
3  40  0.04  0.00503056
4  40  0.04  0.00567062
5  40  0.04  0.00611622
6  40  0.04  0.00656432
7  40  0.04  0.00688987
8  40  0.04  0.0071975
9  40  0.04  0.00734453
10  40  0.04  0.0074613
11  40  0.04  0.00759007
12  40  0.04  0.00769498
13  40  0.04  0.00776322
14  40  0.04  0.00769919
15  40  0.04  0.00765382
16  40  0.04  0.0075799
17  40  0.04  0.00751551
18  40  0.04  0.00742839
19  40  0.04  0.00727368
20  40  0.04  0.00710116
21  40  0.04  0.00689942
22  40  0.04  0.00666121
23  40  0.04  0.00640081
24  40  0.04  0.00620807
25  40  0.04  0.00600559
26  40  0.04  0.00567099
27  40  0.04  0.00531592
28  40  0.04  0.00492354
29  40  0.04  0.00466178
30  40  0.04  0.0043794
31  40  0.04  0.00406506
32  40  0.04  0.0036541
33  40  0.04  0.00321745
34  40  0.04  0.00285994
35  40  0.04  0.00240912
36  40  0.04  0.00190858
37  40  0.04  0.00151933
38  40  0.04  0.00104215
39  40  0.04  0.000441734
