1  50  0.04  0.0248658
2  50  0.04  0.0351312
3  50  0.04  0.0421326
4  50  0.04  0.0475622
5  50  0.04  0.051833
6  50  0.04  0.0555419
7  50  0.04  0.0581987
8  50  0.04  0.0606897
9  50  0.04  0.0624381
10  50  0.04  0.0640544
11  50  0.04  0.0652856
12  50  0.04  0.066527
13  50  0.04  0.0675536
14  50  0.04  0.0675925
15  50  0.04  0.0674524
16  50  0.04  0.0671265
17  50  0.04  0.0664967
18  50  0.04  0.0662133
19  50  0.04  0.0654332
20  50  0.04  0.0644801
21  50  0.04  0.0640417
22  50  0.04  0.0628151
23  50  0.04  0.0617034
24  50  0.04  0.0607898
25  50  0.04  0.0594092
26  50  0.04  0.0581146
27  50  0.04  0.0561402
28  50  0.04  0.0548883
29  50  0.04  0.0531966
30  50  0.04  0.0508509
31  50  0.04  0.0491157
32  50  0.04  0.0470998
33  50  0.04  0.045077
34  50  0.04  0.0433291
35  50  0.04  0.0413687
36  50  0.04  0.0384717
37  50  0.04  0.0359879
38  50  0.04  0.0338578
39  50  0.04  0.0309732
40  50  0.04  0.0284062
41  50  0.04  0.0260496
42  50  0.04  0.0232951
43  50  0.04  0.0203595
44  50  0.04  0.0173835
45  50  0.04  0.014498
46  50  0.04  0.0113031
47  50  0.04  0.00853853
48  50  0.04  0.00545795
49  50  0.04  0.00175236
