1  50  0.04  0.00378873
2  50  0.04  0.00529637
3  50  0.04  0.00637453
4  50  0.04  0.00716484
5  50  0.04  0.00778273
6  50  0.04  0.00832886
7  50  0.04  0.00879435
8  50  0.04  0.00910845
9  50  0.04  0.00949354
10  50  0.04  0.0097451
11  50  0.04  0.00997269
12  50  0.04  0.0100676
13  50  0.04  0.0101603
14  50  0.04  0.0102247
15  50  0.04  0.0103397
16  50  0.04  0.010374
17  50  0.04  0.0105023
18  50  0.04  0.0104945
19  50  0.04  0.0104256
20  50  0.04  0.0103942
21  50  0.04  0.0102373
22  50  0.04  0.0100759
23  50  0.04  0.00987262
24  50  0.04  0.00980996
25  50  0.04  0.00956222
26  50  0.04  0.00948688
27  50  0.04  0.00920811
28  50  0.04  0.00891728
29  50  0.04  0.00878741
30  50  0.04  0.0086021
31  50  0.04  0.00833391
32  50  0.04  0.00812591
33  50  0.04  0.00785779
34  50  0.04  0.00758517
35  50  0.04  0.00724202
36  50  0.04  0.00684685
37  50  0.04  0.00646142
38  50  0.04  0.00607068
39  50  0.04  0.00557987
40  50  0.04  0.00515315
41  50  0.04  0.00476111
42  50  0.04  0.00438848
43  50  0.04  0.00392762
44  50  0.04  0.00335576
45  50  0.04  0.00278115
46  50  0.04  0.00229725
47  50  0.04  0.00173509
48  50  0.04  0.00113808
49  50  0.04  0.000520696
