1  30  0.04  0.0261583
2  30  0.04  0.0362538
3  30  0.04  0.0425096
4  30  0.04  0.0467786
5  30  0.04  0.0495798
6  30  0.04  0.0516876
7  30  0.04  0.0529877
8  30  0.04  0.0537639
9  30  0.04  0.0536503
10  30  0.04  0.0530155
11  30  0.04  0.0525869
12  30  0.04  0.0515712
13  30  0.04  0.0501948
14  30  0.04  0.0483042
15  30  0.04  0.0467141
16  30  0.04  0.0442743
17  30  0.04  0.041798
18  30  0.04  0.0392211
19  30  0.04  0.0367265
20  30  0.04  0.0334633
21  30  0.04  0.030638
22  30  0.04  0.0274032
23  30  0.04  0.0240001
24  30  0.04  0.0210024
25  30  0.04  0.0174016
26  30  0.04  0.0138142
27  30  0.04  0.0101372
28  30  0.04  0.00656672
29  30  0.04  0.00215074
