1  30  0.04  0.0142255
2  30  0.04  0.0200794
3  30  0.04  0.0237361
4  30  0.04  0.0264833
5  30  0.04  0.028312
6  30  0.04  0.0298196
7  30  0.04  0.0310605
8  30  0.04  0.031837
9  30  0.04  0.0321147
10  30  0.04  0.0324845
11  30  0.04  0.0320827
12  30  0.04  0.0317348
13  30  0.04  0.031338
14  30  0.04  0.030687
15  30  0.04  0.0296526
16  30  0.04  0.0288063
17  30  0.04  0.0276776
18  30  0.04  0.0264313
19  30  0.04  0.0248919
20  30  0.04  0.022854
21  30  0.04  0.0207811
22  30  0.04  0.0190363
23  30  0.04  0.0172852
24  30  0.04  0.0153388
25  30  0.04  0.0126921
26  30  0.04  0.0101067
27  30  0.04  0.00725412
28  30  0.04  0.00422474
29  30  0.04  0.00114012
