1  50  0.04  0.0484027
2  50  0.04  0.0674972
3  50  0.04  0.0802974
4  50  0.04  0.0900063
5  50  0.04  0.0973124
6  50  0.04  0.103511
7  50  0.04  0.108758
8  50  0.04  0.112728
9  50  0.04  0.115607
10  50  0.04  0.118162
11  50  0.04  0.119663
12  50  0.04  0.120517
13  50  0.04  0.121303
14  50  0.04  0.12136
15  50  0.04  0.121274
16  50  0.04  0.121064
17  50  0.04  0.120769
18  50  0.04  0.119959
19  50  0.04  0.118201
20  50  0.04  0.116076
21  50  0.04  0.114408
22  50  0.04  0.112613
23  50  0.04  0.110859
24  50  0.04  0.108317
25  50  0.04  0.105097
26  50  0.04  0.102174
27  50  0.04  0.0991468
28  50  0.04  0.0954204
29  50  0.04  0.092422
30  50  0.04  0.0890049
31  50  0.04  0.0859236
32  50  0.04  0.0824101
33  50  0.04  0.0791796
34  50  0.04  0.0755766
35  50  0.04  0.0711438
36  50  0.04  0.066826
37  50  0.04  0.0620871
38  50  0.04  0.0580464
39  50  0.04  0.0536101
40  50  0.04  0.0485879
41  50  0.04  0.0439924
42  50  0.04  0.0391792
43  50  0.04  0.0336496
44  50  0.04  0.0282126
45  50  0.04  0.023192
46  50  0.04  0.0175609
47  50  0.04  0.012342
48  50  0.04  0.00738404
49  50  0.04  0.00217438
