1  40  0.04  0.0377739
2  40  0.04  0.052488
3  40  0.04  0.061744
4  40  0.04  0.0683536
5  40  0.04  0.0738615
6  40  0.04  0.0777801
7  40  0.04  0.0805913
8  40  0.04  0.0827796
9  40  0.04  0.0838989
10  40  0.04  0.0844489
11  40  0.04  0.0853353
12  40  0.04  0.084997
13  40  0.04  0.0849786
14  40  0.04  0.0839163
15  40  0.04  0.082939
16  40  0.04  0.0815942
17  40  0.04  0.0805752
18  40  0.04  0.0790625
19  40  0.04  0.0767728
20  40  0.04  0.0750032
21  40  0.04  0.0721516
22  40  0.04  0.0690178
23  40  0.04  0.0660629
24  40  0.04  0.0633027
25  40  0.04  0.0606554
26  40  0.04  0.0574118
27  40  0.04  0.054203
28  40  0.04  0.0508297
29  40  0.04  0.0474612
30  40  0.04  0.0434199
31  40  0.04  0.0399473
32  40  0.04  0.0357407
33  40  0.04  0.0311046
34  40  0.04  0.0263952
35  40  0.04  0.0220847
36  40  0.04  0.0173516
37  40  0.04  0.0122934
38  40  0.04  0.00760204
39  40  0.04  0.00243347
