1  40  0.04  0.0319819
2  40  0.04  0.0435107
3  40  0.04  0.0514246
4  40  0.04  0.0571523
5  40  0.04  0.0621662
6  40  0.04  0.0658142
7  40  0.04  0.0685226
8  40  0.04  0.0707833
9  40  0.04  0.0720606
10  40  0.04  0.0728232
11  40  0.04  0.0741007
12  40  0.04  0.0741205
13  40  0.04  0.0746
14  40  0.04  0.0740001
15  40  0.04  0.0735526
16  40  0.04  0.0727234
17  40  0.04  0.072299
18  40  0.04  0.0714069
19  40  0.04  0.0696508
20  40  0.04  0.0685315
21  40  0.04  0.0662566
22  40  0.04  0.0636566
23  40  0.04  0.0612289
24  40  0.04  0.0589915
25  40  0.04  0.0569143
26  40  0.04  0.0541643
27  40  0.04  0.0514496
28  40  0.04  0.0485255
29  40  0.04  0.0456644
30  40  0.04  0.0419544
31  40  0.04  0.0389429
32  40  0.04  0.0351408
33  40  0.04  0.030852
34  40  0.04  0.026367
35  40  0.04  0.0223983
36  40  0.04  0.0180528
37  40  0.04  0.0132008
38  40  0.04  0.008872
39  40  0.04  0.00466621
