1  40  0.04  0.0314453
2  40  0.04  0.0429781
3  40  0.04  0.0509054
4  40  0.04  0.0571283
5  40  0.04  0.061599
6  40  0.04  0.0656927
7  40  0.04  0.0686292
8  40  0.04  0.0707271
9  40  0.04  0.0724795
10  40  0.04  0.0739484
11  40  0.04  0.0752135
12  40  0.04  0.0752126
13  40  0.04  0.0748782
14  40  0.04  0.0745273
15  40  0.04  0.0737137
16  40  0.04  0.0727047
17  40  0.04  0.0711096
18  40  0.04  0.070214
19  40  0.04  0.0684404
20  40  0.04  0.0673061
21  40  0.04  0.0646551
22  40  0.04  0.0629641
23  40  0.04  0.0610486
24  40  0.04  0.0591995
25  40  0.04  0.0567672
26  40  0.04  0.0539307
27  40  0.04  0.0514534
28  40  0.04  0.0482685
29  40  0.04  0.0450576
30  40  0.04  0.0412984
31  40  0.04  0.0374653
32  40  0.04  0.034467
33  40  0.04  0.0310074
34  40  0.04  0.0268548
35  40  0.04  0.0220902
36  40  0.04  0.0183994
37  40  0.04  0.0139421
38  40  0.04  0.00960084
39  40  0.04  0.00532607
