1  30  0.04  0.00256748
2  30  0.04  0.00363568
3  30  0.04  0.0043183
4  30  0.04  0.00482081
5  30  0.04  0.00521059
6  30  0.04  0.00549807
7  30  0.04  0.00564518
8  30  0.04  0.00572152
9  30  0.04  0.00577731
10  30  0.04  0.00578812
11  30  0.04  0.00576084
12  30  0.04  0.00565567
13  30  0.04  0.00552969
14  30  0.04  0.0053682
15  30  0.04  0.00523925
16  30  0.04  0.00501431
17  30  0.04  0.0048027
18  30  0.04  0.00455612
19  30  0.04  0.00424253
20  30  0.04  0.00389667
21  30  0.04  0.00354931
22  30  0.04  0.00314973
23  30  0.04  0.00273203
24  30  0.04  0.00232049
25  30  0.04  0.00200603
26  30  0.04  0.00166423
27  30  0.04  0.00127343
28  30  0.04  0.000806006
29  30  0.04  0.000271993
