1  40  0.04  0.0034651
2  40  0.04  0.00489319
3  40  0.04  0.00578775
4  40  0.04  0.00643253
5  40  0.04  0.00689705
6  40  0.04  0.00732537
7  40  0.04  0.00768847
8  40  0.04  0.00791967
9  40  0.04  0.00802783
10  40  0.04  0.00809826
11  40  0.04  0.00817656
12  40  0.04  0.00824314
13  40  0.04  0.0082537
14  40  0.04  0.008278
15  40  0.04  0.00816373
16  40  0.04  0.00812186
17  40  0.04  0.00793569
18  40  0.04  0.00779083
19  40  0.04  0.00765251
20  40  0.04  0.00741184
21  40  0.04  0.00717578
22  40  0.04  0.00691889
23  40  0.04  0.00675495
24  40  0.04  0.00645541
25  40  0.04  0.00615845
26  40  0.04  0.00581088
27  40  0.04  0.00551996
28  40  0.04  0.00518782
29  40  0.04  0.00490369
30  40  0.04  0.00450844
31  40  0.04  0.00413947
32  40  0.04  0.00376271
33  40  0.04  0.00334164
34  40  0.04  0.00294864
35  40  0.04  0.00256175
36  40  0.04  0.00205966
37  40  0.04  0.00154496
38  40  0.04  0.000942005
39  40  0.04  0.000293193
