1  40  0.04  0.0173085
2  40  0.04  0.0238797
3  40  0.04  0.0284615
4  40  0.04  0.032325
5  40  0.04  0.0353334
6  40  0.04  0.0380554
7  40  0.04  0.0401177
8  40  0.04  0.041764
9  40  0.04  0.0428472
10  40  0.04  0.0440574
11  40  0.04  0.0446624
12  40  0.04  0.0449411
13  40  0.04  0.0456316
14  40  0.04  0.0454578
15  40  0.04  0.045347
16  40  0.04  0.0452734
17  40  0.04  0.0452483
18  40  0.04  0.0444984
19  40  0.04  0.0441608
20  40  0.04  0.0435066
21  40  0.04  0.0427552
22  40  0.04  0.0414761
23  40  0.04  0.0406346
24  40  0.04  0.0390939
25  40  0.04  0.0374396
26  40  0.04  0.0360336
27  40  0.04  0.0340056
28  40  0.04  0.0317056
29  40  0.04  0.0296174
30  40  0.04  0.0279559
31  40  0.04  0.0255062
32  40  0.04  0.0235184
33  40  0.04  0.0206351
34  40  0.04  0.0180844
35  40  0.04  0.0151293
36  40  0.04  0.0125902
37  40  0.04  0.00964304
38  40  0.04  0.00648764
39  40  0.04  0.00317436
