1  40  0.04  0.0204958
2  40  0.04  0.0289419
3  40  0.04  0.034355
4  40  0.04  0.0387544
5  40  0.04  0.0421307
6  40  0.04  0.0450591
7  40  0.04  0.0472317
8  40  0.04  0.0488963
9  40  0.04  0.0499564
10  40  0.04  0.0510462
11  40  0.04  0.0514996
12  40  0.04  0.0516161
13  40  0.04  0.0520441
14  40  0.04  0.0516301
15  40  0.04  0.0512497
16  40  0.04  0.0508824
17  40  0.04  0.0505069
18  40  0.04  0.049457
19  40  0.04  0.0487652
20  40  0.04  0.0477627
21  40  0.04  0.046635
22  40  0.04  0.0450383
23  40  0.04  0.0438068
24  40  0.04  0.0419223
25  40  0.04  0.0399557
26  40  0.04  0.0381818
27  40  0.04  0.0358257
28  40  0.04  0.0332512
29  40  0.04  0.0309211
30  40  0.04  0.0289168
31  40  0.04  0.0262631
32  40  0.04  0.0239361
33  40  0.04  0.0208716
34  40  0.04  0.0180548
35  40  0.04  0.0149678
36  40  0.04  0.0121551
37  40  0.04  0.00893406
38  40  0.04  0.00542259
39  40  0.04  0.00161229
