1  50  0.04  0.0489791
2  50  0.04  0.0683124
3  50  0.04  0.0813474
4  50  0.04  0.0913306
5  50  0.04  0.0991274
6  50  0.04  0.105177
7  50  0.04  0.10971
8  50  0.04  0.113197
9  50  0.04  0.115935
10  50  0.04  0.118176
11  50  0.04  0.120253
12  50  0.04  0.120968
13  50  0.04  0.121968
14  50  0.04  0.12215
15  50  0.04  0.121605
16  50  0.04  0.121042
17  50  0.04  0.120134
18  50  0.04  0.119154
19  50  0.04  0.117468
20  50  0.04  0.115445
21  50  0.04  0.113928
22  50  0.04  0.110971
23  50  0.04  0.108363
24  50  0.04  0.106126
25  50  0.04  0.103722
26  50  0.04  0.100235
27  50  0.04  0.096827
28  50  0.04  0.093827
29  50  0.04  0.0908568
30  50  0.04  0.0870866
31  50  0.04  0.083387
32  50  0.04  0.0796124
33  50  0.04  0.075192
34  50  0.04  0.0708644
35  50  0.04  0.0661708
36  50  0.04  0.0622818
37  50  0.04  0.0585974
38  50  0.04  0.054831
39  50  0.04  0.0504613
40  50  0.04  0.0465094
41  50  0.04  0.0419038
42  50  0.04  0.0375849
43  50  0.04  0.0327885
44  50  0.04  0.0285051
45  50  0.04  0.0236724
46  50  0.04  0.019025
47  50  0.04  0.0140666
48  50  0.04  0.00836598
49  50  0.04  0.00230917
