1  30  0.04  0.0240983
2  30  0.04  0.03269
3  30  0.04  0.0385504
4  30  0.04  0.0425703
5  30  0.04  0.0451518
6  30  0.04  0.0472977
7  30  0.04  0.0491214
8  30  0.04  0.0500262
9  30  0.04  0.0505797
10  30  0.04  0.0501192
11  30  0.04  0.0494213
12  30  0.04  0.0484234
13  30  0.04  0.0475432
14  30  0.04  0.0462076
15  30  0.04  0.0446701
16  30  0.04  0.043371
17  30  0.04  0.0415782
18  30  0.04  0.0391336
19  30  0.04  0.0367196
20  30  0.04  0.0343206
21  30  0.04  0.0316219
22  30  0.04  0.0283344
23  30  0.04  0.0248008
24  30  0.04  0.0213866
25  30  0.04  0.0184239
26  30  0.04  0.0146676
27  30  0.04  0.0115801
28  30  0.04  0.00764881
29  30  0.04  0.00448506
