1  30  0.04  0.0138404
2  30  0.04  0.0195356
3  30  0.04  0.0230704
4  30  0.04  0.0255563
5  30  0.04  0.0275746
6  30  0.04  0.0292157
7  30  0.04  0.0304258
8  30  0.04  0.0312596
9  30  0.04  0.0313792
10  30  0.04  0.0317067
11  30  0.04  0.0315312
12  30  0.04  0.031339
13  30  0.04  0.0307343
14  30  0.04  0.0296396
15  30  0.04  0.0284168
16  30  0.04  0.0276248
17  30  0.04  0.026351
18  30  0.04  0.0251304
19  30  0.04  0.0238909
20  30  0.04  0.0222509
21  30  0.04  0.0205004
22  30  0.04  0.0186525
23  30  0.04  0.0168684
24  30  0.04  0.0146941
25  30  0.04  0.0120558
26  30  0.04  0.00960596
27  30  0.04  0.0072416
28  30  0.04  0.00467964
29  30  0.04  0.00148001
