1  40  0.04  0.0168452
2  40  0.04  0.0232899
3  40  0.04  0.0279248
4  40  0.04  0.031334
5  40  0.04  0.0343631
6  40  0.04  0.0367156
7  40  0.04  0.0383637
8  40  0.04  0.0399929
9  40  0.04  0.0414892
10  40  0.04  0.0427465
11  40  0.04  0.0432716
12  40  0.04  0.0435936
13  40  0.04  0.0439489
14  40  0.04  0.043684
15  40  0.04  0.0439664
16  40  0.04  0.044014
17  40  0.04  0.0432003
18  40  0.04  0.0423008
19  40  0.04  0.0416546
20  40  0.04  0.0406868
21  40  0.04  0.0397698
22  40  0.04  0.0384728
23  40  0.04  0.0373848
24  40  0.04  0.0359081
25  40  0.04  0.0343962
26  40  0.04  0.0323811
27  40  0.04  0.0308872
28  40  0.04  0.0293759
29  40  0.04  0.0274492
30  40  0.04  0.0259426
31  40  0.04  0.0241564
32  40  0.04  0.0214027
33  40  0.04  0.0188809
34  40  0.04  0.0161861
35  40  0.04  0.0133932
36  40  0.04  0.0112035
37  40  0.04  0.00899857
38  40  0.04  0.00574433
39  40  0.04  0.00292653
