1  30  0.04  0.027067
2  30  0.04  0.0375036
3  30  0.04  0.0439413
4  30  0.04  0.0482469
5  30  0.04  0.0509605
6  30  0.04  0.0530906
7  30  0.04  0.0547546
8  30  0.04  0.0554512
9  30  0.04  0.0556995
10  30  0.04  0.054941
11  30  0.04  0.0539089
12  30  0.04  0.0525784
13  30  0.04  0.0513098
14  30  0.04  0.0495953
15  30  0.04  0.0477047
16  30  0.04  0.0459955
17  30  0.04  0.0437874
18  30  0.04  0.0409959
19  30  0.04  0.0382464
20  30  0.04  0.0354961
21  30  0.04  0.0324317
22  30  0.04  0.0288322
23  30  0.04  0.0250499
24  30  0.04  0.021456
25  30  0.04  0.0181296
26  30  0.04  0.0142656
27  30  0.04  0.0107263
28  30  0.04  0.00669001
29  30  0.04  0.00232984
