1  30  0.04  0.00249691
2  30  0.04  0.00352547
3  30  0.04  0.00414362
4  30  0.04  0.00457404
5  30  0.04  0.00487742
6  30  0.04  0.00504587
7  30  0.04  0.0052405
8  30  0.04  0.00537236
9  30  0.04  0.00540762
10  30  0.04  0.00543028
11  30  0.04  0.00538191
12  30  0.04  0.00534285
13  30  0.04  0.00516093
14  30  0.04  0.00506104
15  30  0.04  0.00494086
16  30  0.04  0.00472819
17  30  0.04  0.00447596
18  30  0.04  0.00427526
19  30  0.04  0.00402816
20  30  0.04  0.00376669
21  30  0.04  0.00339824
22  30  0.04  0.00311479
23  30  0.04  0.00281561
24  30  0.04  0.00248084
25  30  0.04  0.00208475
26  30  0.04  0.00169814
27  30  0.04  0.00131767
28  30  0.04  0.000860736
29  30  0.04  0.000259377
