1  30  0.04  0.0127928
2  30  0.04  0.0174671
3  30  0.04  0.0207621
4  30  0.04  0.0233164
5  30  0.04  0.0250323
6  30  0.04  0.0265089
7  30  0.04  0.027794
8  30  0.04  0.0286659
9  30  0.04  0.0290412
10  30  0.04  0.0295951
11  30  0.04  0.0293466
12  30  0.04  0.0291789
13  30  0.04  0.0289912
14  30  0.04  0.0285719
15  30  0.04  0.0277305
16  30  0.04  0.0271209
17  30  0.04  0.0262163
18  30  0.04  0.0252071
19  30  0.04  0.0239254
20  30  0.04  0.0220963
21  30  0.04  0.020177
22  30  0.04  0.0186145
23  30  0.04  0.0170494
24  30  0.04  0.0153927
25  30  0.04  0.0128928
26  30  0.04  0.0105325
27  30  0.04  0.00788635
28  30  0.04  0.00518899
29  30  0.04  0.00226806
