1  50  0.04  0.0265203
2  50  0.04  0.0374656
3  50  0.04  0.0449018
4  50  0.04  0.0508712
5  50  0.04  0.0553306
6  50  0.04  0.0591557
7  50  0.04  0.0625063
8  50  0.04  0.0653963
9  50  0.04  0.0674144
10  50  0.04  0.0695217
11  50  0.04  0.071058
12  50  0.04  0.0723607
13  50  0.04  0.0730641
14  50  0.04  0.0735329
15  50  0.04  0.0739632
16  50  0.04  0.0737405
17  50  0.04  0.0739169
18  50  0.04  0.0735282
19  50  0.04  0.0726384
20  50  0.04  0.0717197
21  50  0.04  0.0703784
22  50  0.04  0.0697937
23  50  0.04  0.0683195
24  50  0.04  0.0673946
25  50  0.04  0.0657832
26  50  0.04  0.0638925
27  50  0.04  0.0626985
28  50  0.04  0.0610976
29  50  0.04  0.0596617
30  50  0.04  0.057317
31  50  0.04  0.0547616
32  50  0.04  0.052424
33  50  0.04  0.0496554
34  50  0.04  0.0467834
35  50  0.04  0.0446759
36  50  0.04  0.0419477
37  50  0.04  0.038906
38  50  0.04  0.0364487
39  50  0.04  0.0334988
40  50  0.04  0.0311173
41  50  0.04  0.0278019
42  50  0.04  0.0253183
43  50  0.04  0.0222421
44  50  0.04  0.0194614
45  50  0.04  0.0157361
46  50  0.04  0.012113
47  50  0.04  0.00883823
48  50  0.04  0.00539948
49  50  0.04  0.00152037
