1  40  0.04  0.0374269
2  40  0.04  0.0520407
3  40  0.04  0.0613422
4  40  0.04  0.0684083
5  40  0.04  0.0734344
6  40  0.04  0.0777816
7  40  0.04  0.0808001
8  40  0.04  0.0828513
9  40  0.04  0.0844302
10  40  0.04  0.0856218
11  40  0.04  0.08648
12  40  0.04  0.0860729
13  40  0.04  0.0852964
14  40  0.04  0.0844374
15  40  0.04  0.0831027
16  40  0.04  0.0815321
17  40  0.04  0.0794299
18  40  0.04  0.0779176
19  40  0.04  0.0756139
20  40  0.04  0.0738164
21  40  0.04  0.0706718
22  40  0.04  0.068404
23  40  0.04  0.0659386
24  40  0.04  0.0635055
25  40  0.04  0.0605235
26  40  0.04  0.0572146
27  40  0.04  0.0541987
28  40  0.04  0.0505593
29  40  0.04  0.0468731
30  40  0.04  0.0427123
31  40  0.04  0.0385996
32  40  0.04  0.0352033
33  40  0.04  0.0313343
34  40  0.04  0.0267914
35  40  0.04  0.0219167
36  40  0.04  0.0178077
37  40  0.04  0.0130664
38  40  0.04  0.00836116
39  40  0.04  0.00282316
