1  30  0.04  0.0124609
2  30  0.04  0.0170079
3  30  0.04  0.0201952
4  30  0.04  0.0224672
5  30  0.04  0.0243802
6  30  0.04  0.0260017
7  30  0.04  0.0272505
8  30  0.04  0.028191
9  30  0.04  0.0283972
10  30  0.04  0.0288899
11  30  0.04  0.028871
12  30  0.04  0.0288807
13  30  0.04  0.0284964
14  30  0.04  0.0276059
15  30  0.04  0.0265465
16  30  0.04  0.0259981
17  30  0.04  0.0249243
18  30  0.04  0.0239063
19  30  0.04  0.0229063
20  30  0.04  0.0214727
21  30  0.04  0.0199236
22  30  0.04  0.0182424
23  30  0.04  0.0166749
24  30  0.04  0.0147496
25  30  0.04  0.0122441
26  30  0.04  0.0099297
27  30  0.04  0.0077423
28  30  0.04  0.00552775
29  30  0.04  0.00292341
