1  50  0.04  0.0389879
2  50  0.04  0.0535803
3  50  0.04  0.0642116
4  50  0.04  0.0725657
5  50  0.04  0.0792502
6  50  0.04  0.0845629
7  50  0.04  0.0886312
8  50  0.04  0.0918796
9  50  0.04  0.0945698
10  50  0.04  0.0969235
11  50  0.04  0.0993127
12  50  0.04  0.100361
13  50  0.04  0.101864
14  50  0.04  0.102611
15  50  0.04  0.102657
16  50  0.04  0.102767
17  50  0.04  0.102564
18  50  0.04  0.102363
19  50  0.04  0.101453
20  50  0.04  0.100185
21  50  0.04  0.0995534
22  50  0.04  0.0973648
23  50  0.04  0.095545
24  50  0.04  0.094139
25  50  0.04  0.0926129
26  50  0.04  0.0899049
27  50  0.04  0.0872505
28  50  0.04  0.0850247
29  50  0.04  0.082867
30  50  0.04  0.0798185
31  50  0.04  0.0768282
32  50  0.04  0.0737774
33  50  0.04  0.0699865
34  50  0.04  0.066299
35  50  0.04  0.0621171
36  50  0.04  0.0587694
37  50  0.04  0.0556213
38  50  0.04  0.0524189
39  50  0.04  0.0484658
40  50  0.04  0.0450276
41  50  0.04  0.0407815
42  50  0.04  0.0369092
43  50  0.04  0.0323658
44  50  0.04  0.0284967
45  50  0.04  0.0239215
46  50  0.04  0.0195996
47  50  0.04  0.0150899
48  50  0.04  0.0100581
49  50  0.04  0.00444866
