1  50  0.04  0.00427615
2  50  0.04  0.00603847
3  50  0.04  0.00716916
4  50  0.04  0.00802005
5  50  0.04  0.00868237
6  50  0.04  0.00927653
7  50  0.04  0.00972503
8  50  0.04  0.0100801
9  50  0.04  0.0103707
10  50  0.04  0.0105872
11  50  0.04  0.0106997
12  50  0.04  0.010899
13  50  0.04  0.0110328
14  50  0.04  0.0111002
15  50  0.04  0.0111798
16  50  0.04  0.0112
17  50  0.04  0.0111802
18  50  0.04  0.0111433
19  50  0.04  0.0110444
20  50  0.04  0.0109819
21  50  0.04  0.0109065
22  50  0.04  0.010815
23  50  0.04  0.0106081
24  50  0.04  0.0104709
25  50  0.04  0.0103181
26  50  0.04  0.0100468
27  50  0.04  0.00989751
28  50  0.04  0.00969613
29  50  0.04  0.00942947
30  50  0.04  0.00924872
31  50  0.04  0.00901969
32  50  0.04  0.00860879
33  50  0.04  0.00818943
34  50  0.04  0.00783341
35  50  0.04  0.00743371
36  50  0.04  0.00699886
37  50  0.04  0.00659425
38  50  0.04  0.00608873
39  50  0.04  0.00559253
40  50  0.04  0.00516973
41  50  0.04  0.00475475
42  50  0.04  0.00439003
43  50  0.04  0.00394304
44  50  0.04  0.00336486
45  50  0.04  0.0028732
46  50  0.04  0.00226877
47  50  0.04  0.00169195
48  50  0.04  0.00100976
49  50  0.04  0.000319729
