1  30  0.04  0.00229728
2  30  0.04  0.00313257
3  30  0.04  0.00369844
4  30  0.04  0.00409905
5  30  0.04  0.00439024
6  30  0.04  0.00454978
7  30  0.04  0.00475031
8  30  0.04  0.00489769
9  30  0.04  0.00494907
10  30  0.04  0.00499647
11  30  0.04  0.00497077
12  30  0.04  0.00496817
13  30  0.04  0.00480891
14  30  0.04  0.00474015
15  30  0.04  0.00465802
16  30  0.04  0.00448065
17  30  0.04  0.00425533
18  30  0.04  0.00409034
19  30  0.04  0.00387446
20  30  0.04  0.00365603
21  30  0.04  0.00330694
22  30  0.04  0.00305294
23  30  0.04  0.00278433
24  30  0.04  0.00248641
25  30  0.04  0.00211553
26  30  0.04  0.00175151
27  30  0.04  0.00140564
28  30  0.04  0.00103292
29  30  0.04  0.000521069
