1  50  0.04  0.0211509
2  50  0.04  0.0293297
3  50  0.04  0.0353533
4  50  0.04  0.0403415
5  50  0.04  0.0440622
6  50  0.04  0.0473635
7  50  0.04  0.0503639
8  50  0.04  0.0530567
9  50  0.04  0.0549454
10  50  0.04  0.0570581
11  50  0.04  0.0586644
12  50  0.04  0.0601238
13  50  0.04  0.0610229
14  50  0.04  0.0617329
15  50  0.04  0.0624788
16  50  0.04  0.0625593
17  50  0.04  0.063125
18  50  0.04  0.0631437
19  50  0.04  0.0626564
20  50  0.04  0.0621789
21  50  0.04  0.0612353
22  50  0.04  0.0611536
23  50  0.04  0.0601117
24  50  0.04  0.0596967
25  50  0.04  0.0585723
26  50  0.04  0.0571156
27  50  0.04  0.0564268
28  50  0.04  0.0552934
29  50  0.04  0.0543867
30  50  0.04  0.0525142
31  50  0.04  0.0503894
32  50  0.04  0.0485143
33  50  0.04  0.046172
34  50  0.04  0.0436422
35  50  0.04  0.0419706
36  50  0.04  0.0396411
37  50  0.04  0.036895
38  50  0.04  0.034822
39  50  0.04  0.0321196
40  50  0.04  0.0301452
41  50  0.04  0.0269992
42  50  0.04  0.0248574
43  50  0.04  0.0219567
44  50  0.04  0.0195576
45  50  0.04  0.0160519
46  50  0.04  0.0125701
47  50  0.04  0.00949377
48  50  0.04  0.00653736
49  50  0.04  0.00300025
