1  50  0.04  0.00353328
2  50  0.04  0.00489255
3  50  0.04  0.00582195
4  50  0.04  0.00652751
5  50  0.04  0.00707992
6  50  0.04  0.0075991
7  50  0.04  0.00799232
8  50  0.04  0.00830942
9  50  0.04  0.00857816
10  50  0.04  0.00878664
11  50  0.04  0.00889355
12  50  0.04  0.00910713
13  50  0.04  0.00926345
14  50  0.04  0.00935722
15  50  0.04  0.00947403
16  50  0.04  0.00953582
17  50  0.04  0.00956158
18  50  0.04  0.0095768
19  50  0.04  0.00952892
20  50  0.04  0.00952434
21  50  0.04  0.00950998
22  50  0.04  0.00948691
23  50  0.04  0.00934016
24  50  0.04  0.00926988
25  50  0.04  0.00919089
26  50  0.04  0.0089804
27  50  0.04  0.00890315
28  50  0.04  0.00877518
29  50  0.04  0.00857276
30  50  0.04  0.00846423
31  50  0.04  0.00831564
32  50  0.04  0.00797233
33  50  0.04  0.00761337
34  50  0.04  0.00732361
35  50  0.04  0.00698796
36  50  0.04  0.00660872
37  50  0.04  0.006269
38  50  0.04  0.00581666
39  50  0.04  0.00536358
40  50  0.04  0.00498826
41  50  0.04  0.00461154
42  50  0.04  0.00429723
43  50  0.04  0.00391359
44  50  0.04  0.0033563
45  50  0.04  0.0029274
46  50  0.04  0.00234498
47  50  0.04  0.00184816
48  50  0.04  0.00119413
49  50  0.04  0.000642134
