1  40  0.04  0.003503
2  40  0.04  0.00495717
3  40  0.04  0.00591835
4  40  0.04  0.00663739
5  40  0.04  0.00714155
6  40  0.04  0.00761995
7  40  0.04  0.00796367
8  40  0.04  0.00826964
9  40  0.04  0.00841089
10  40  0.04  0.00851411
11  40  0.04  0.00861925
12  40  0.04  0.00869311
13  40  0.04  0.00872071
14  40  0.04  0.00861941
15  40  0.04  0.00853058
16  40  0.04  0.008412
17  40  0.04  0.00829863
18  40  0.04  0.00815835
19  40  0.04  0.00795206
20  40  0.04  0.00772663
21  40  0.04  0.00747136
22  40  0.04  0.00718072
23  40  0.04  0.006874
24  40  0.04  0.00663045
25  40  0.04  0.00636949
26  40  0.04  0.00598571
27  40  0.04  0.00558203
28  40  0.04  0.00515693
29  40  0.04  0.00485176
30  40  0.04  0.00452636
31  40  0.04  0.00416369
32  40  0.04  0.0037133
33  40  0.04  0.00325274
34  40  0.04  0.00285
35  40  0.04  0.00235902
36  40  0.04  0.00184856
37  40  0.04  0.00140566
38  40  0.04  0.000840685
39  40  0.04  0.000219853
