1  40  0.04  0.00300704
2  40  0.04  0.00416285
3  40  0.04  0.0049418
4  40  0.04  0.00550949
5  40  0.04  0.00591844
6  40  0.04  0.00631466
7  40  0.04  0.00666501
8  40  0.04  0.00689481
9  40  0.04  0.00700706
10  40  0.04  0.00708832
11  40  0.04  0.00718644
12  40  0.04  0.00728176
13  40  0.04  0.00732259
14  40  0.04  0.00739004
15  40  0.04  0.00731036
16  40  0.04  0.00731859
17  40  0.04  0.0071738
18  40  0.04  0.00707418
19  40  0.04  0.00698924
20  40  0.04  0.00679579
21  40  0.04  0.00660947
22  40  0.04  0.00639416
23  40  0.04  0.00628815
24  40  0.04  0.00603586
25  40  0.04  0.00578991
26  40  0.04  0.00548297
27  40  0.04  0.00524035
28  40  0.04  0.0049457
29  40  0.04  0.00471426
30  40  0.04  0.00435606
31  40  0.04  0.0040251
32  40  0.04  0.00369063
33  40  0.04  0.00330071
34  40  0.04  0.00293498
35  40  0.04  0.00260291
36  40  0.04  0.0021301
37  40  0.04  0.00167841
38  40  0.04  0.0011199
39  40  0.04  0.000588915
