1  50  0.04  0.00463946
2  50  0.04  0.00656326
3  50  0.04  0.00785812
4  50  0.04  0.00880533
5  50  0.04  0.00953973
6  50  0.04  0.010168
7  50  0.04  0.0106877
8  50  0.04  0.011044
9  50  0.04  0.0114438
10  50  0.04  0.0117008
11  50  0.04  0.0119173
12  50  0.04  0.0119969
13  50  0.04  0.0120635
14  50  0.04  0.0120962
15  50  0.04  0.0121663
16  50  0.04  0.0121562
17  50  0.04  0.0122241
18  50  0.04  0.0121555
19  50  0.04  0.0120261
20  50  0.04  0.011924
21  50  0.04  0.0117
22  50  0.04  0.0114681
23  50  0.04  0.0112007
24  50  0.04  0.0110571
25  50  0.04  0.010745
26  50  0.04  0.010586
27  50  0.04  0.0102339
28  50  0.04  0.00987901
29  50  0.04  0.00967332
30  50  0.04  0.00941121
31  50  0.04  0.00907534
32  50  0.04  0.00879355
33  50  0.04  0.00845643
34  50  0.04  0.00811223
35  50  0.04  0.00770082
36  50  0.04  0.00724439
37  50  0.04  0.00679941
38  50  0.04  0.00634415
39  50  0.04  0.00580593
40  50  0.04  0.00533278
41  50  0.04  0.00489602
42  50  0.04  0.00446918
43  50  0.04  0.00395198
44  50  0.04  0.0033393
45  50  0.04  0.0027418
46  50  0.04  0.0022059
47  50  0.04  0.00159285
48  50  0.04  0.000931638
49  50  0.04  0.000259191
