1  30  0.04  0.00233807
2  30  0.04  0.0032216
3  30  0.04  0.00384824
4  30  0.04  0.00431857
5  30  0.04  0.00469386
6  30  0.04  0.00498218
7  30  0.04  0.00513594
8  30  0.04  0.0052238
9  30  0.04  0.00529903
10  30  0.04  0.00533376
11  30  0.04  0.00533707
12  30  0.04  0.00526159
13  30  0.04  0.00516896
14  30  0.04  0.00503691
15  30  0.04  0.00494892
16  30  0.04  0.00475685
17  30  0.04  0.004582
18  30  0.04  0.0043753
19  30  0.04  0.00409829
20  30  0.04  0.0037841
21  30  0.04  0.00347334
22  30  0.04  0.00310527
23  30  0.04  0.0027172
24  30  0.04  0.00231482
25  30  0.04  0.00202867
26  30  0.04  0.0017161
27  30  0.04  0.00137947
28  30  0.04  0.000936919
29  30  0.04  0.000546384
